# NAME RA DEC DISTANCE K_APP A_V K_ABS SIGMA
   NGC0057    3.8787   17.3284   76.300    8.66    0.212  -25.754  325.950
   NGC0071    4.5982   30.0632   97.716    9.53    0.151  -25.424 -999.000
   NGC0080    5.2952   22.3572   81.864    8.90    0.168  -25.661  259.730
   NGC0128    7.3127    2.8640   59.300    8.51    0.079  -25.352  221.670
   NGC0227   10.6535   -1.5288   75.857    9.08    0.084  -25.318  260.890
   NGC0315   14.4538   30.3524   70.268    7.94    0.177  -26.298  270.140
   NGC0383   16.8540   32.4126   71.311    8.46    0.194  -25.805 -999.000
   NGC0393   17.1540   39.6443   85.700    9.22    0.120  -25.445  232.810
   NGC0410   17.7453   33.1520   71.311    8.36    0.161  -25.903  299.660
   NGC0467   19.7922    3.3008   75.800    9.00    0.092  -25.395  246.790
 PGC004829   20.1287   50.1445   99.000    9.67    0.554  -25.304 -999.000
   NGC0499   20.7978   33.4601   69.757    8.71    0.193  -25.503  266.140
   NGC0507   20.9164   33.2561   69.757    8.28    0.170  -25.934  304.900
   NGC0533   21.3808    1.7590   77.912    8.41    0.084  -26.046  278.760
   NGC0665   26.2337   10.4230   74.575    8.85    0.242  -25.513  189.550
  UGC01332   28.0755   48.0878   99.249    9.42    0.557  -25.565 -999.000
   NGC0708   28.1936   36.1518   68.954    8.55    0.247  -25.645  229.810
  UGC01389   28.8778   47.9550   99.249    9.57    0.519  -25.412 -999.000
   NGC0741   29.0874    5.6289   73.897    8.28    0.144  -26.064  290.810
   NGC0777   30.0622   31.4294   72.228    8.35    0.128  -25.940  324.130
   NGC0890   35.5042   33.2661   55.600    8.22    0.212  -25.502  213.130
   NGC0997   39.3103    7.3056   90.447    9.38    0.380  -25.404 -999.000
   NGC1016   39.5815    2.1193   95.171    8.57    0.085  -26.326  301.750
   NGC1060   40.8127   32.4250   67.421    8.14    0.532  -26.000  303.100
   NGC1132   43.2159   -1.2747   97.601    9.24    0.176  -25.704  245.980
   NGC1129   43.6141   41.5796   73.949    8.21    0.309  -26.137  329.510
   NGC1167   45.4265   35.2056   70.236    8.59    0.496  -25.644  220.000
   NGC1226   47.7723   35.3868   85.692    9.16    0.526  -25.508  271.230
   NGC1272   49.8387   41.4906   77.536    8.64    0.441  -25.803  292.350
  UGC02783   53.5766   39.3568   85.817    9.22    0.447  -25.443  299.230
   NGC1453   56.6136   -3.9688   56.356    8.09    0.289  -25.666  331.890
   NGC1497   60.5283   23.1329   87.800    9.41    0.602  -25.306  248.890
   NGC1600   67.9161   -5.0861   63.771    8.03    0.118  -25.994  334.880
   NGC1573   68.7666   73.2624   65.033    8.51    0.377  -25.551  304.850
   NGC1671   72.3918    0.2528   88.600    9.44    0.215  -25.295  215.930
   NGC1684   73.1298   -3.1061   63.520    8.67    0.159  -25.341  305.660
   NGC1700   74.2347   -4.8657   54.416    8.08    0.119  -25.603  238.710
   NGC2208   95.6444   51.9095   84.100    8.99    0.408  -25.629  224.820
   NGC2256  101.8080   74.2365   79.445    8.63    0.359  -25.868  221.310
   NGC2274  101.8220   33.5672   73.793    8.65    0.286  -25.688  295.120
   NGC2258  101.9420   74.4818   58.963    8.19    0.351  -25.663  287.280
   NGC2320  106.4250   50.5811   89.394    8.83    0.189  -25.927  315.230
  UGC03683  107.0580   46.1158   85.149    9.13    0.253  -25.523  290.830
   NGC2340  107.7950   50.1747   89.394    8.86    0.203  -25.896  246.420
  UGC03894  113.2700   65.0791   97.184    9.35    0.175  -25.584  304.090
   NGC2418  114.1560   17.8839   74.100    8.93    0.102  -25.415  246.750
   NGC2513  120.6030    9.4136   70.841    8.73    0.063  -25.517  274.540
   NGC2672  132.3410   19.0750   61.508    8.35    0.058  -25.599  267.730
   NGC2693  134.2470   51.3474   74.400    8.60    0.054  -25.760  351.210
   NGC2783  138.4150   29.9928  101.449    9.31    0.082  -25.717  306.740
   NGC2832  139.9450   33.7498  105.245    8.69    0.047  -26.418  334.040
   NGC2892  143.2210   67.6174  101.100    9.33    0.233  -25.696  304.090
   NGC2918  143.9330   31.7054  102.300    9.56    0.053  -25.489  258.230
 PGC027509  144.7230   -4.8487  100.469    9.44    0.180  -25.567  254.000
   NGC2974  145.6390   -3.6991   30.300    6.24    0.149  -26.168  238.020
   NGC3158  153.4600   38.7649  103.431    8.79    0.036  -26.281  344.340
   NGC3209  155.1600   25.5050   94.608    9.33    0.060  -25.550  303.390
   NGC3334  160.3800   37.3129  108.500    9.73    0.048  -25.449  295.980
   NGC3462  163.8380    7.6968   99.200    9.36    0.081  -25.621  217.660
   NGC3562  168.2450   72.8793  100.969    9.37    0.111  -25.649  263.880
   NGC3615  169.5280   23.3973  101.199    9.45    0.049  -25.577  259.470
   NGC3805  175.1740   20.3430   99.395    9.29    0.064  -25.692  292.610
   NGC3842  176.0090   19.9498   99.395    9.08    0.059  -25.911  315.050
   NGC3862  176.2710   19.6063   99.395    9.48    0.064  -25.504  270.780
   NGC3937  178.1780   20.6313  101.188    9.41    0.117  -25.619  309.020
   NGC4065  181.0260   20.2351  107.227    9.68    0.098  -25.474  272.430
   NGC4059  181.0470   20.4098  107.227    9.74    0.079  -25.413  206.000
   NGC4073  181.1130    1.8960   91.532    8.48    0.074  -26.327  277.220
   NGC4213  183.9060   23.9819  101.564    9.60    0.102  -25.436  258.840
   NGC4360  186.0900    9.2928  109.000    9.51    0.059  -25.681 -999.000
   NGC4472  187.4450    8.0004   16.700    5.39    0.061  -25.724  293.850
   NGC4486  187.7060   12.3911   16.700    5.81    0.063  -25.308  334.440
   NGC4555  188.9220   26.5230  103.600    9.16    0.044  -25.916  349.950
   NGC4649  190.9170   11.5526   16.500    5.73    0.072  -25.356  335.030
   NGC4692  191.9800   27.2224  109.041    9.76    0.033  -25.428  250.720
   NGC4816  194.0510   27.7455  102.000    9.71    0.024  -25.333  244.490
   NGC4839  194.3520   27.4977  102.000    9.20    0.028  -25.847  285.390
   NGC4874  194.8990   27.9594  102.000    8.86    0.025  -26.185  278.870
   NGC4889  195.0340   27.9770  102.000    8.40    0.026  -26.638  400.790
   NGC4914  195.1790   37.3153   74.500    8.64    0.037  -25.718  223.550
   NGC5129  201.0420   13.9765  107.500    9.24    0.078  -25.918  276.640
   NGC5208  203.1160    7.3166  104.995    9.50    0.097  -25.608 -999.000
   NGC5322  207.3130   60.1904   34.206    7.16    0.038  -25.515  232.300
   NGC5329  208.0420    2.3251  111.200    9.67    0.078  -25.560  256.770
   NGC5353  208.3610   40.2831   41.120    7.62    0.035  -25.448  286.370
   NGC5482  212.1280    8.9319  109.291    9.72    0.074  -25.472  282.310
   NGC5557  214.6070   36.4936   51.048    8.08    0.016  -25.461  252.990
    IC1143  232.7340   82.4558   97.309    9.49    0.172  -25.448 -999.000
  UGC10097  238.9300   47.8673   91.479    9.38    0.049  -25.427  302.040
   NGC6223  250.7680   61.5789   86.693    9.10    0.100  -25.591 -999.000
   NGC6375  262.3410   16.2068   95.800    9.38    0.334  -25.528  219.790
  UGC10918  264.3890   11.1217  100.200    9.26    0.498  -25.747 -999.000
   NGC6482  267.9530   23.0719   61.414    8.34    0.277  -25.599  309.770
   NGC6575  272.7400   31.1162  106.000    9.54    0.172  -25.584  306.200
   NGC7052  319.6380   26.4469   69.300    8.54    0.337  -25.665  284.420
  UGC11950  333.1320   38.6828   85.212    9.20    0.340  -25.452 -999.000
   NGC7242  333.9150   37.2987   84.440    8.29    0.415  -26.344 -999.000
   NGC7274  336.0460   36.1258   82.824    9.21    0.295  -25.385  285.760
   NGC7265  335.6150   36.2098   82.824    8.66    0.325  -25.935  257.630
   NGC7386  342.5090   11.6987   99.061    9.40    0.200  -25.583 -999.000
   NGC7426  344.0120   36.3614   80.008    8.78    0.337  -25.736 -999.000
  NGC7436B  344.4900   26.1500  106.590    8.98    0.250  -26.158  352.000
   NGC7550  348.8170   18.9614   72.656    8.87    0.375  -25.433  255.460
   NGC7619  350.0610    8.2063   54.000    8.01    0.224  -25.653  322.350
   NGC7626  350.1772    8.2170   54.000    8.01    0.197  -25.650  271.300
   NGC7681  352.2290   17.3096   96.800    9.21    0.149  -25.723  358.920